EJ 1
[[320   0   0   0   1]
 [  0 399   0   0   0]
 [  0   0 315   0   0]
 [  0   0   0 291   0]
 [  4   0   0   0 293]]
 
               precision    recall  f1-score   support

           0       0.99      1.00      0.99       321
           1       1.00      1.00      1.00       399
           2       1.00      1.00      1.00       315
           3       1.00      1.00      1.00       291
           4       1.00      0.99      0.99       297

    accuracy                           1.00      1623
   macro avg       1.00      1.00      1.00      1623
weighted avg       1.00      1.00      1.00      1623

[[59  0  0  0  0]
 [ 0 56  0  0  0]
 [ 0  0 56  0  0]
 [ 0  0  0 93  0]
 [ 1  0  0  0 57]]
 
               precision    recall  f1-score   support

           0       0.98      1.00      0.99        59
           1       1.00      1.00      1.00        56
           2       1.00      1.00      1.00        56
           3       1.00      1.00      1.00        93
           4       1.00      0.98      0.99        58

    accuracy                           1.00       322
   macro avg       1.00      1.00      1.00       322
weighted avg       1.00      1.00      1.00       322


EJ 2

[[325   2   0   0   6]
 [  0 335   1   0   0]
 [  0   0 317   1   0]
 [  0   0   0 447   0]
 [ 33   0   0   0 270]]

              precision    recall  f1-score   support

           0       0.91      0.98      0.94       333
           1       0.99      1.00      1.00       336
           2       1.00      1.00      1.00       318
           3       1.00      1.00      1.00       447
           4       0.98      0.89      0.93       303

    accuracy                           0.98      1737
   macro avg       0.97      0.97      0.97      1737
weighted avg       0.98      0.98      0.98      1737


[[55  0  0  0  0]
 [ 0 77  0  0  0]
 [ 0  0 55  0  0]
 [ 0  0  0 41  0]
 [ 0  0  0  0 56]]
 
               precision    recall  f1-score   support

           0       1.00      1.00      1.00        55
           1       1.00      1.00      1.00        77
           2       1.00      1.00      1.00        55
           3       1.00      1.00      1.00        41
           4       1.00      1.00      1.00        56

    accuracy                           1.00       284
   macro avg       1.00      1.00      1.00       284
weighted avg       1.00      1.00      1.00       284

EJ 3

[[339   0   0   0   3]
 [  0 399   0   0   0]
 [  0   0 333   0   0]
 [  0   0   0 402   0]
 [  0   0   0   0 342]]
 
               precision    recall  f1-score   support

           0       1.00      0.99      1.00       342
           1       1.00      1.00      1.00       399
           2       1.00      1.00      1.00       333
           3       1.00      1.00      1.00       402
           4       0.99      1.00      1.00       342

    accuracy                           1.00      1818
   macro avg       1.00      1.00      1.00      1818
weighted avg       1.00      1.00      1.00      1818

[[51  0  0  0  1]
 [ 0 56  0  0  0]
 [ 0  0 50  0  0]
 [ 0  0  0 56  0]
 [ 0  0  0  0 43]]
 
               precision    recall  f1-score   support

           0       1.00      0.98      0.99        52
           1       1.00      1.00      1.00        56
           2       1.00      1.00      1.00        50
           3       1.00      1.00      1.00        56
           4       0.98      1.00      0.99        43

    accuracy                           1.00       257
   macro avg       1.00      1.00      1.00       257
weighted avg       1.00      1.00      1.00       257